PdfType: central
Format: lhagrid1
---
1.000000e-07 1.610262e-07 2.592944e-07 4.175319e-07 6.723358e-07 1.082637e-06 1.743329e-06 2.807216e-06 4.520354e-06 7.278954e-06 1.172102e-05 1.887392e-05 3.039195e-05 4.893901e-05 7.880463e-05 1.268961e-04 2.043360e-04 3.290345e-04 5.298317e-04 8.531679e-04 1.373824e-03 2.212216e-03 3.562248e-03 5.736153e-03 9.236709e-03 1.487352e-02 2.395027e-02 3.856620e-02 6.210169e-02 1.000000e-01 1.473684e-01 1.947368e-01 2.421053e-01 2.894737e-01 3.368421e-01 3.842105e-01 4.315789e-01 4.789474e-01 5.263158e-01 5.736842e-01 6.210526e-01 6.684211e-01 7.157895e-01 7.631579e-01 8.105263e-01 8.578947e-01 9.052632e-01 9.526316e-01 1.000000e+00
1.000000e+01
22 -6 -5 -4 -3 -2 -1 21 1 2 3 4 5 6
 0.00000000e+00 0.00000000e+00 0.00000000e+00 4.34238663e+06 2.69907247e+07 3.09572585e+07 3.09615055e+07 6.49558626e+08 3.09620928e+07 3.09581551e+07 2.69907247e+07 4.34238663e+06 0.00000000e+00 0.00000000e+00
 0.00000000e+00 0.00000000e+00 0.00000000e+00 2.43343768e+06 1.48118216e+07 1.69770366e+07 1.69799376e+07 3.62626706e+08 1.69804940e+07 1.69778411e+07 1.48118216e+07 2.43343768e+06 0.00000000e+00 0.00000000e+00
 0.00000000e+00 0.00000000e+00 0.00000000e+00 1.36441275e+06 8.13503187e+06 9.31774589e+06 9.31980695e+06 2.02462947e+08 9.32024266e+06 9.31839733e+06 8.13503187e+06 1.36441275e+06 0.00000000e+00 0.00000000e+00
 0.00000000e+00 0.00000000e+00 0.00000000e+00 7.65050879e+05 4.46890313e+06 5.11498243e+06 5.11639007e+06 1.13020804e+08 5.11673223e+06 5.11548994e+06 4.46890313e+06 7.65050879e+05 0.00000000e+00 0.00000000e+00
 0.00000000e+00 0.00000000e+00 0.00000000e+00 4.28963386e+05 2.45548784e+06 2.80841968e+06 2.80939350e+06 6.30759415e+07 2.80968270e+06 2.80885333e+06 2.45548784e+06 4.28963386e+05 0.00000000e+00 0.00000000e+00
 0.00000000e+00 0.00000000e+00 0.00000000e+00 2.40490153e+05 1.34951405e+06 1.54232105e+06 1.54299122e+06 3.51904098e+07 1.54324050e+06 1.54268637e+06 1.34951405e+06 2.40490153e+05 0.00000000e+00 0.00000000e+00
 0.00000000e+00 0.00000000e+00 0.00000000e+00 1.34796823e+05 7.41878434e+05 8.47213319e+05 8.47683995e+05 1.96245610e+07 8.47889544e+05 8.47526202e+05 7.41878434e+05 1.34796823e+05 0.00000000e+00 0.00000000e+00
 0.00000000e+00 0.00000000e+00 0.00000000e+00 7.55303188e+04 4.07958277e+05 4.65511838e+05 4.65837852e+05 1.09382300e+07 4.66013883e+05 4.65776954e+05 4.07958277e+05 7.55303188e+04 0.00000000e+00 0.00000000e+00
 0.00000000e+00 0.00000000e+00 0.00000000e+00 4.23031092e+04 2.24418863e+05 2.55868157e+05 2.56094700e+05 6.09281532e+06 2.56244076e+05 2.56093812e+05 2.24418863e+05 4.23031092e+04 0.00000000e+00 0.00000000e+00
 0.00000000e+00 0.00000000e+00 0.00000000e+00 2.36798470e+04 1.23507801e+05 1.40696568e+05 1.40854203e+05 3.39125290e+06 1.40980983e+05 1.40887701e+05 1.23507801e+05 2.36798470e+04 0.00000000e+00 0.00000000e+00
 0.00000000e+00 0.00000000e+00 0.00000000e+00 1.32460148e+04 6.80098784e+04 7.74064357e+04 7.75162271e+04 1.88588174e+06 7.76231883e+04 7.75688243e+04 6.80098784e+04 1.32460148e+04 0.00000000e+00 0.00000000e+00
 0.00000000e+00 0.00000000e+00 0.00000000e+00 7.40348930e+03 3.74765741e+04 4.26150734e+04 4.26916961e+04 1.04764271e+06 4.27821641e+04 4.27528398e+04 3.74765741e+04 7.40348930e+03 0.00000000e+00 0.00000000e+00
 0.00000000e+00 0.00000000e+00 0.00000000e+00 4.13413740e+03 2.06707238e+04 2.34820558e+04 2.35354977e+04 5.81269145e+05 2.36119847e+04 2.35988461e+04 2.06707238e+04 4.13413740e+03 0.00000000e+00 0.00000000e+00
 0.00000000e+00 0.00000000e+00 0.00000000e+00 2.30621905e+03 1.14156621e+04 1.29547626e+04 1.29921417e+04 3.22042179e+05 1.30568097e+04 1.30536613e+04 1.14156621e+04 2.30621905e+03 0.00000000e+00 0.00000000e+00
 0.00000000e+00 0.00000000e+00 0.00000000e+00 1.28524664e+03 6.31529353e+03 7.15870382e+03 7.18498045e+03 1.78118623e+05 7.23947167e+03 7.24240256e+03 6.31529353e+03 1.28524664e+03 0.00000000e+00 0.00000000e+00
 0.00000000e+00 0.00000000e+00 0.00000000e+00 7.15654572e+02 3.50198218e+03 3.96478921e+03 3.98328360e+03 9.83218508e+04 4.02917937e+03 4.03554650e+03 3.50198218e+03 7.15654572e+02 0.00000000e+00 0.00000000e+00
 0.00000000e+00 0.00000000e+00 0.00000000e+00 3.98296581e+02 1.94831034e+03 2.20276126e+03 2.21584544e+03 5.41592763e+04 2.25443063e+03 2.26251547e+03 1.94831034e+03 3.98296581e+02 0.00000000e+00 0.00000000e+00
 0.00000000e+00 0.00000000e+00 0.00000000e+00 2.21685678e+02 1.08876338e+03 1.22907732e+03 1.23838644e+03 2.97799654e+04 1.27073592e+03 1.27945352e+03 1.08876338e+03 2.21685678e+02 0.00000000e+00 0.00000000e+00
 0.00000000e+00 0.00000000e+00 0.00000000e+00 1.23438134e+02 6.11837993e+02 6.89534723e+02 6.96202541e+02 1.63615533e+04 7.23263412e+02 7.31934033e+02 6.11837993e+02 1.23438134e+02 0.00000000e+00 0.00000000e+00
 0.00000000e+00 0.00000000e+00 0.00000000e+00 6.87248660e+01 3.45938622e+02 3.89233953e+02 3.94055259e+02 8.99066072e+03 4.16614197e+02 4.24848602e+02 3.45938622e+02 6.87248660e+01 0.00000000e+00 0.00000000e+00
 0.00000000e+00 0.00000000e+00 0.00000000e+00 3.81898481e+01 1.96705223e+02 2.21052517e+02 2.24579549e+02 4.94208163e+03 2.43314487e+02 2.50899011e+02 1.96705223e+02 3.81898481e+01 0.00000000e+00 0.00000000e+00
 0.00000000e+00 0.00000000e+00 0.00000000e+00 2.11147664e+01 1.12297631e+02 1.26171818e+02 1.28789595e+02 2.71532886e+03 1.44277976e+02 1.51114891e+02 1.12297631e+02 2.11147664e+01 0.00000000e+00 0.00000000e+00
 0.00000000e+00 0.00000000e+00 0.00000000e+00 1.15628029e+01 6.41768588e+01 7.22328003e+01 7.42096925e+01 1.48837015e+03 8.69449616e+01 9.30076764e+01 6.41768588e+01 1.15628029e+01 0.00000000e+00 0.00000000e+00
 0.00000000e+00 0.00000000e+00 0.00000000e+00 6.23323761e+00 3.65489408e+01 4.13449066e+01 4.28685185e+01 8.11309608e+02 5.32717900e+01 5.85755630e+01 3.65489408e+01 6.23323761e+00 0.00000000e+00 0.00000000e+00
 0.00000000e+00 0.00000000e+00 0.00000000e+00 3.28077744e+00 2.06037424e+01 2.35480164e+01 2.47492149e+01 4.37535247e+02 3.31806880e+01 3.77652347e+01 2.06037424e+01 3.28077744e+00 0.00000000e+00 0.00000000e+00
 0.00000000e+00 0.00000000e+00 0.00000000e+00 1.66753888e+00 1.13842527e+01 1.32507587e+01 1.42190224e+01 2.31545384e+02 2.09854505e+01 2.49024929e+01 1.13842527e+01 1.66753888e+00 0.00000000e+00 0.00000000e+00
 0.00000000e+00 0.00000000e+00 0.00000000e+00 8.06420536e-01 6.07295839e+00 7.28443466e+00 8.07720854e+00 1.18705421e+02 1.34393093e+01 1.67474458e+01 6.07295839e+00 8.06420536e-01 0.00000000e+00 0.00000000e+00
 0.00000000e+00 0.00000000e+00 0.00000000e+00 3.63732854e-01 3.05474619e+00 3.83965286e+00 4.48600686e+00 5.78165861e+01 8.66200100e+00 1.14248794e+01 3.05474619e+00 3.63732854e-01 0.00000000e+00 0.00000000e+00
 0.00000000e+00 0.00000000e+00 0.00000000e+00 1.49117949e-01 1.39554285e+00 1.87930441e+00 2.38099850e+00 2.60233312e+01 5.54746349e+00 7.83430106e+00 1.39554285e+00 1.49117949e-01 0.00000000e+00 0.00000000e+00
 0.00000000e+00 0.00000000e+00 0.00000000e+00 5.38798084e-02 5.46073033e-01 8.10040457e-01 1.14696214e+00 1.04474821e+01 3.43657441e+00 5.31522447e+00 5.46073033e-01 5.38798084e-02 0.00000000e+00 0.00000000e+00
 0.00000000e+00 0.00000000e+00 0.00000000e+00 2.09680165e-02 2.13832340e-01 3.53105268e-01 5.43483669e-01 4.44852073e+00 2.18723303e+00 3.76171319e+00 2.13832340e-01 2.09680165e-02 0.00000000e+00 0.00000000e+00
 0.00000000e+00 0.00000000e+00 0.00000000e+00 9.88978516e-03 9.54512472e-02 1.75155891e-01 2.69498367e-01 2.24082623e+00 1.47780590e+00 2.82131571e+00 9.54512472e-02 9.88978516e-03 0.00000000e+00 0.00000000e+00
 0.00000000e+00 0.00000000e+00 0.00000000e+00 5.24328308e-03 4.62138946e-02 9.47750586e-02 1.31918241e-01 1.25372570e+00 1.01980892e+00 2.15777151e+00 4.62138946e-02 5.24328308e-03 0.00000000e+00 0.00000000e+00
 0.00000000e+00 0.00000000e+00 0.00000000e+00 3.00364188e-03 2.37406257e-02 5.45327511e-02 6.16245889e-02 7.54790638e-01 7.06397838e-01 1.65258229e+00 2.37406257e-02 3.00364188e-03 0.00000000e+00 0.00000000e+00
 0.00000000e+00 0.00000000e+00 0.00000000e+00 1.81224817e-03 1.27837917e-02 3.24166166e-02 2.67625057e-02 4.79477335e-01 4.86490939e-01 1.25428734e+00 1.27837917e-02 1.81224817e-03 0.00000000e+00 0.00000000e+00
 0.00000000e+00 0.00000000e+00 0.00000000e+00 1.12960877e-03 7.15184187e-03 1.91602780e-02 1.06973301e-02 3.16846151e-01 3.31213699e-01 9.36832460e-01 7.15184187e-03 1.12960877e-03 0.00000000e+00 0.00000000e+00
 0.00000000e+00 0.00000000e+00 0.00000000e+00 7.15507219e-04 4.12133459e-03 1.08011880e-02 4.13666512e-03 2.15210651e-01 2.22000981e-01 6.84969829e-01 4.12133459e-03 7.15507219e-04 0.00000000e+00 0.00000000e+00
 0.00000000e+00 0.00000000e+00 0.00000000e+00 4.53407639e-04 2.42092112e-03 5.65495537e-03 1.80661106e-03 1.48511582e-01 1.45863826e-01 4.88155038e-01 2.42092112e-03 4.53407639e-04 0.00000000e+00 0.00000000e+00
 0.00000000e+00 0.00000000e+00 0.00000000e+00 2.82827774e-04 1.43035663e-03 2.76295490e-03 9.94694297e-04 1.02810274e-01 9.34931814e-02 3.37698970e-01 1.43035663e-03 2.82827774e-04 0.00000000e+00 0.00000000e+00
 0.00000000e+00 0.00000000e+00 0.00000000e+00 1.70530673e-04 8.35585092e-04 1.29406262e-03 6.10436395e-04 7.03308993e-02 5.82137603e-02 2.25634459e-01 8.35585092e-04 1.70530673e-04 0.00000000e+00 0.00000000e+00
 0.00000000e+00 0.00000000e+00 0.00000000e+00 9.72087809e-05 4.72120048e-04 5.93817626e-04 3.59232206e-04 4.66407454e-02 3.51100875e-02 1.44628832e-01 4.72120048e-04 9.72087809e-05 0.00000000e+00 0.00000000e+00
 0.00000000e+00 0.00000000e+00 0.00000000e+00 5.08870040e-05 2.50827477e-04 2.66488673e-04 1.94175956e-04 2.92201205e-02 2.04682367e-02 8.81302479e-02 2.50827477e-04 5.08870040e-05 0.00000000e+00 0.00000000e+00
 0.00000000e+00 0.00000000e+00 0.00000000e+00 2.34819213e-05 1.20596207e-04 1.13098665e-04 9.29062710e-05 1.66665442e-02 1.15081978e-02 5.03955666e-02 1.20596207e-04 2.34819213e-05 0.00000000e+00 0.00000000e+00
 0.00000000e+00 0.00000000e+00 0.00000000e+00 8.97991081e-06 4.89211363e-05 4.21212227e-05 3.69810314e-05 8.18093015e-03 6.22366440e-03 2.65215627e-02 4.89211363e-05 8.97991081e-06 0.00000000e+00 0.00000000e+00
 0.00000000e+00 0.00000000e+00 0.00000000e+00 2.57569458e-06 1.38494041e-05 1.16035265e-05 1.10782837e-05 3.15047381e-03 3.22380387e-03 1.24367147e-02 1.38494041e-05 2.57569458e-06 0.00000000e+00 0.00000000e+00
 0.00000000e+00 0.00000000e+00 0.00000000e+00 4.66335591e-07 2.86891658e-06 2.15253069e-06 2.08953299e-06 8.03090409e-04 1.58637168e-03 4.89313976e-03 2.86891658e-06 4.66335591e-07 0.00000000e+00 0.00000000e+00
 0.00000000e+00 0.00000000e+00 0.00000000e+00 4.74123962e-08 3.26406733e-07 1.99254901e-07 1.95326115e-07 9.09649052e-05 7.27768017e-04 1.41103006e-03 3.26406733e-07 4.74123962e-08 0.00000000e+00 0.00000000e+00
 0.00000000e+00 0.00000000e+00 0.00000000e+00 1.62627166e-08 5.85497617e-08 4.92821430e-08 5.18643287e-08 1.53803854e-05 2.79943157e-04 1.93885206e-04 5.85497617e-08 1.62627166e-08 0.00000000e+00 0.00000000e+00
 0.00000000e+00 0.00000000e+00 0.00000000e+00 0.00000000e+00 1.49370112e-29 4.48110337e-29 -1.03646336e-45 0.00000000e+00 1.60384937e-20 -4.45157624e-37 1.49370114e-29 0.00000000e+00 0.00000000e+00 0.00000000e+00
---
